A5P_ones_250GA_G_FC_100RUB_pp156
5;;423.76
10;;573.11
15;;687.36
20;;812.98
25;;865.37
30;;982.07
40;;1162.41
50;;1326.69
60;;1549.37
70;;1737.73
80;;1914.08
90;;2088.11
100;;2248.12
110;;2436.66
120;;2634.04
130;;2793.32
140;;2995.28
150;;3190.78
160;;3418.09
170;;3509.03
180;;3703.84
190;;3781.36
200;;3963.71
225;;4328.58
250;;4774.53
275;;5093.87
300;;5525.56

A5P_ones_250GA_G_FC_100RUB_pp158
5;;425.74
10;;576.29
15;;691.06
20;;818.41
25;;870.92
30;;988.69
40;;1169.79
50;;1335.21
60;;1560.29
70;;1749.98
80;;1927.15
90;;2102.40
100;;2264.01
110;;2453.64
120;;2652.00
130;;2817.08
140;;3016.21
150;;3213.10
160;;3441.39
170;;3533.03
180;;3729.60
190;;3807.70
200;;3990.97
225;;4358.43
250;;4807.39
275;;5131.38
300;;5564.00

A5P_ones_250GA_G_FC_100RUB_pp160
5;;427.73
10;;578.90
15;;694.20
20;;822.71
25;;875.43
30;;993.75
40;;1177.19
50;;1343.25
60;;1570.29
70;;1760.86
80;;1940.22
90;;2116.24
100;;2279.02
110;;2469.34
120;;2669.96
130;;2835.78
140;;3036.30
150;;3234.16
160;;3464.69
170;;3559.21
180;;3754.56
190;;3832.87
200;;4018.24
225;;4387.52
250;;4839.87
275;;5165.41
300;;5605.82

A5P_ones_250GA_G_FC_100RUB_pp162
5;;431.72
10;;583.74
15;;699.77
20;;829.13
25;;882.65
30;;1001.75
40;;1186.30
50;;1354.80
60;;1583.66
70;;1775.92
80;;1956.43
90;;2134.88
100;;2298.68
110;;2490.39
120;;2692.37
130;;2860.46
140;;3062.32
150;;3261.95
160;;3493.82
170;;3594.58
180;;3786.70
190;;3865.76
200;;4052.40
225;;4425.28
250;;4881.84
275;;5209.47
300;;5653.97

A5P_ones_250GA_G_FC_100RUB_pp164
5;;433.70
10;;586.33
15;;703.48
20;;833.44
25;;888.20
30;;1007.85
40;;1193.70
50;;1362.84
60;;1593.66
70;;1787.71
80;;1969.50
90;;2148.73
100;;2316.44
110;;2506.94
120;;2710.33
130;;2879.16
140;;3082.42
150;;3283.86
160;;3517.12
170;;3618.17
180;;3811.66
190;;3891.71
200;;4082.18
225;;4455.13
250;;4914.31
275;;5244.61
300;;5694.02

A5P_ones_250GA_G_FC_100RUB_pp166
5;;435.69
10;;589.51
15;;708.32
20;;838.87
25;;892.71
30;;1014.49
40;;1201.08
50;;1371.37
60;;1604.58
70;;1799.96
80;;1982.57
90;;2163.02
100;;2332.33
110;;2523.92
120;;2728.30
130;;2898.28
140;;3103.34
150;;3306.18
160;;3540.41
170;;3642.19
180;;3837.43
190;;3918.06
200;;4109.44
225;;4484.22
250;;4951.44
275;;5279.76
300;;5732.44

A5P_ones_250GA_G_FC_100RUB_pp168
5;;437.67
10;;592.11
15;;711.46
20;;843.17
25;;898.27
30;;1019.55
40;;1208.46
50;;1379.41
60;;1614.57
70;;1810.84
80;;1995.64
90;;2176.87
100;;2347.34
110;;2539.62
120;;2746.27
130;;2919.63
140;;3123.44
150;;3327.25
160;;3563.71
170;;3665.78
180;;3862.38
190;;3943.22
200;;4136.71
225;;4514.07
250;;4983.91
275;;5314.53
300;;5770.13

A5P_ones_250GA_G_FC_100RUB_pp170
5;;440.24
10;;596.45
15;;715.16
20;;848.62
25;;904.35
30;;1026.17
40;;1215.85
50;;1388.88
60;;1625.50
70;;1823.10
80;;2008.72
90;;2192.03
100;;2363.23
110;;2556.60
120;;2764.23
130;;2939.57
140;;3144.36
150;;3349.57
160;;3589.66
170;;3690.60
180;;3888.15
190;;3969.57
200;;4163.98
225;;4546.74
250;;5017.54
275;;5349.67
300;;5808.56

A5P_ones_250GA_G_FC_100RUB_pp172
5;;442.22
10;;599.05
15;;720.00
20;;852.92
25;;908.86
30;;1032.27
40;;1228.79
50;;1396.92
60;;1635.49
70;;1834.89
80;;2026.79
90;;2205.88
100;;2378.24
110;;2573.15
120;;2786.91
130;;2958.27
140;;3164.46
150;;3371.47
160;;3617.60
170;;3714.20
180;;3913.11
190;;3998.03
200;;4195.64
225;;4575.83
250;;5050.01
275;;5384.82
300;;5846.25

A5P_ones_250GA_G_FC_100RUB_pp174
5;;444.21
10;;602.23
15;;723.70
20;;858.35
25;;914.42
30;;1038.90
40;;1236.17
50;;1405.45
60;;1646.41
70;;1847.14
80;;2039.86
90;;2220.18
100;;2394.13
110;;2590.13
120;;2804.88
130;;2977.39
140;;3185.38
150;;3393.80
160;;3640.90
170;;3738.21
180;;3938.87
190;;4024.38
200;;4222.91
225;;4605.69
250;;5082.87
275;;5419.96
300;;5884.68

A5P_ones_250GA_G_FC_100RUB_pp176
5;;446.19
10;;604.82
15;;726.84
20;;862.65
25;;918.93
30;;1043.96
40;;1243.56
50;;1413.49
60;;1656.41
70;;1858.02
80;;2052.94
90;;2234.03
100;;2409.14
110;;2605.83
120;;2822.84
130;;2996.08
140;;3205.48
150;;3414.86
160;;3664.20
170;;3761.80
180;;3963.83
190;;4049.54
200;;4250.18
225;;4634.77
250;;5117.77
275;;5458.13
300;;5922.37

A5P_ones_250GA_G_FC_100RUB_pp178
5;;449.92
10;;609.16
15;;731.67
20;;868.09
25;;925.00
30;;1050.60
40;;1250.94
50;;1422.96
60;;1667.34
70;;1870.27
80;;2066.01
90;;2249.20
100;;2425.03
110;;2622.82
120;;2840.82
130;;3016.03
140;;3226.40
150;;3437.18
160;;3687.50
170;;3786.63
180;;3989.59
190;;4075.89
200;;4277.45
225;;4665.01
250;;5151.40
275;;5493.28
300;;5960.80

A5P_ones_250GA_G_FC_100RUB_pp180
5;;451.91
10;;611.75
15;;735.38
20;;872.39
25;;930.55
30;;1056.70
40;;1258.33
50;;1431.01
60;;1677.33
70;;1882.07
80;;2079.08
90;;2263.05
100;;2440.04
110;;2639.36
120;;2858.78
130;;3034.73
140;;3246.48
150;;3459.08
160;;3710.79
170;;3810.22
180;;4014.55
190;;4106.23
200;;4304.73
225;;4694.86
250;;5183.87
275;;5530.79
300;;5998.49

A5P_ones_250GA_G_FC_100RUB_pp182
5;;453.89
10;;614.51
15;;740.22
20;;877.82
25;;935.06
30;;1063.33
40;;1265.71
50;;1439.53
60;;1688.26
70;;1894.32
80;;2092.14
90;;2277.34
100;;2455.93
110;;2656.34
120;;2876.74
130;;3053.84
140;;3267.42
150;;3481.40
160;;3734.09
170;;3834.22
180;;4040.32
190;;4132.58
200;;4332.00
225;;4723.95
250;;5216.73
275;;5565.93
300;;6036.91

A5P_ones_250GA_G_FC_100RUB_pp184
5;;455.88
10;;617.11
15;;743.36
20;;882.12
25;;940.63
30;;1069.97
40;;1273.10
50;;1448.07
60;;1701.22
70;;1905.20
80;;2105.22
90;;2293.99
100;;2470.95
110;;2672.05
120;;2897.40
130;;3072.54
140;;3287.50
150;;3509.77
160;;3757.39
170;;3857.83
180;;4067.85
190;;4157.75
200;;4359.27
225;;4758.07
250;;5249.21
275;;5600.70
300;;6081.10

A5P_ones_250GA_G_FC_100RUB_pp186
5;;458.45
10;;621.44
15;;747.06
20;;887.57
25;;946.70
30;;1076.60
40;;1280.49
50;;1458.09
60;;1712.14
70;;1917.44
80;;2118.29
90;;2309.16
100;;2486.82
110;;2689.03
120;;2915.37
130;;3092.49
140;;3308.44
150;;3532.10
160;;3780.69
170;;3882.65
180;;4093.62
190;;4184.09
200;;4386.53
225;;4788.31
250;;5282.83
275;;5635.85
300;;6119.52

A5P_ones_250GA_G_FC_100RUB_pp188
5;;460.44
10;;624.05
15;;751.90
20;;891.87
25;;951.21
30;;1082.71
40;;1287.87
50;;1466.68
60;;1722.14
70;;1929.25
80;;2131.36
90;;2323.01
100;;2501.85
110;;2710.29
120;;2933.34
130;;3111.18
140;;3328.52
150;;3554.00
160;;3803.99
170;;3906.24
180;;4118.57
190;;4210.05
200;;4413.80
225;;4817.39
250;;5315.31
275;;5670.99
300;;6157.20

A5P_ones_250GA_G_FC_100RUB_pp190
5;;462.43
10;;627.23
15;;755.61
20;;897.30
25;;956.77
30;;1089.33
40;;1295.25
50;;1475.75
60;;1733.06
70;;1941.50
80;;2144.44
90;;2337.30
100;;2517.73
110;;2727.27
120;;2951.30
130;;3130.30
140;;3349.45
150;;3576.32
160;;3827.28
170;;3930.26
180;;4148.86
190;;4236.40
200;;4441.07
225;;4847.25
250;;5348.17
275;;5706.14
300;;6195.64

A5P_ones_250GA_G_FC_100RUB_pp192
5;;464.41
10;;629.83
15;;758.75
20;;901.60
25;;961.28
30;;1094.39
40;;1302.64
50;;1484.34
60;;1743.06
70;;1952.37
80;;2157.51
90;;2351.15
100;;2532.75
110;;2742.97
120;;2969.27
130;;3149.00
140;;3369.54
150;;3597.38
160;;3850.58
170;;3953.85
180;;4173.82
190;;4261.56
200;;4470.85
225;;4876.34
250;;5384.91
275;;5740.17
300;;6233.32

A5P_ones_250GA_G_FC_100RUB_pp194
5;;468.14
10;;634.16
15;;763.59
20;;907.04
25;;967.36
30;;1101.02
40;;1310.02
50;;1494.36
60;;1753.98
70;;1964.62
80;;2170.57
90;;2366.32
100;;2548.63
110;;2759.95
120;;2987.24
130;;3168.94
140;;3390.46
150;;3619.70
160;;3873.88
170;;3981.25
180;;4199.58
190;;4287.91
200;;4498.12
225;;4906.57
250;;5418.52
275;;5775.32
300;;6271.76

A5P_ones_250GA_G_FC_100RUB_pp196
5;;470.13
10;;636.76
15;;767.28
20;;911.34
25;;972.92
30;;1107.13
40;;1317.41
50;;1502.95
60;;1763.97
70;;1981.52
80;;2183.65
90;;2380.17
100;;2563.65
110;;2776.51
120;;3005.20
130;;3187.64
140;;3417.86
150;;3641.62
160;;3897.18
170;;4004.85
180;;4224.54
190;;4313.86
200;;4525.39
225;;4938.87
250;;5451.01
275;;5810.47
300;;6309.44

A5P_ones_250GA_G_FC_100RUB_pp198
5;;472.11
10;;639.94
15;;772.12
20;;916.77
25;;977.43
30;;1113.75
40;;1324.80
50;;1512.02
60;;1774.90
70;;1993.77
80;;2196.72
90;;2394.46
100;;2579.53
110;;2793.48
120;;3023.17
130;;3206.76
140;;3438.79
150;;3663.93
160;;3920.48
170;;4028.85
180;;4250.30
190;;4340.20
200;;4552.66
225;;4967.95
250;;5486.29
275;;5845.62
300;;6347.88

A5P_ones_250GA_G_FC_100RUB_pp200
5;;474.10
10;;642.53
15;;775.26
20;;921.08
25;;982.98
30;;1118.82
40;;1332.18
50;;1520.61
60;;1784.89
70;;2004.65
80;;2209.79
90;;2408.31
100;;2594.55
110;;2811.87
120;;3041.14
130;;3225.46
140;;3458.88
150;;3685.00
160;;3943.76
170;;4052.45
180;;4275.26
190;;4365.37
200;;4579.93
225;;4997.81
250;;5518.76
275;;5886.88
300;;6385.56

A5P_ones_250GA_G_FC_100RUB_pp202
5;;476.66
10;;646.88
15;;778.96
20;;926.52
25;;989.06
30;;1125.44
40;;1339.57
50;;1530.63
60;;1795.83
70;;2016.90
80;;2222.86
90;;2423.47
100;;2610.43
110;;2828.86
120;;3059.10
130;;3245.41
140;;3479.81
150;;3707.32
160;;3967.06
170;;4081.79
180;;4301.03
190;;4391.72
200;;4607.19
225;;5028.04
250;;5552.39
275;;5922.02
300;;6426.35

A5P_ones_250GA_G_FC_100RUB_pp204
5;;478.65
10;;649.47
15;;783.80
20;;930.82
25;;993.57
30;;1131.55
40;;1346.95
50;;1539.22
60;;1805.81
70;;2028.70
80;;2235.94
90;;2437.32
100;;2625.46
110;;2845.40
120;;3077.07
130;;3264.11
140;;3499.90
150;;3729.22
160;;3990.36
170;;4105.39
180;;4325.98
190;;4420.18
200;;4634.46
225;;5057.13
250;;5584.86
275;;5957.17
300;;6464.04

A5P_ones_250GA_G_FC_100RUB_pp206
5;;480.63
10;;652.65
15;;787.51
20;;936.25
25;;999.13
30;;1138.18
40;;1354.33
50;;1548.28
60;;1816.74
70;;2040.95
80;;2249.00
90;;2451.62
100;;2646.15
110;;2862.39
120;;3095.04
130;;3283.22
140;;3520.82
150;;3751.55
160;;4013.66
170;;4129.40
180;;4351.75
190;;4446.53
200;;4666.13
225;;5086.98
250;;5617.72
275;;5992.31
300;;6506.60

A5P_ones_250GA_G_FC_100RUB_pp208
5;;482.62
10;;655.25
15;;790.65
20;;940.55
25;;1003.64
30;;1143.24
40;;1361.72
50;;1556.87
60;;1826.74
70;;2051.83
80;;2264.93
90;;2465.47
100;;2661.16
110;;2878.08
120;;3113.00
130;;3301.91
140;;3540.92
150;;3772.61
160;;4039.61
170;;4152.99
180;;4376.70
190;;4471.69
200;;4693.40
225;;5116.08
250;;5650.20
275;;6026.35
300;;6544.28

A5P_ones_250GA_G_FC_100RUB_pp210
5;;486.35
10;;659.58
15;;795.49
20;;945.99
25;;1009.71
30;;1149.86
40;;1369.10
50;;1566.89
60;;1837.66
70;;2064.08
80;;2278.00
90;;2480.64
100;;2677.05
110;;2895.07
120;;3130.97
130;;3321.87
140;;3561.84
150;;3794.93
160;;4062.90
170;;4177.81
180;;4402.47
190;;4498.04
200;;4720.67
225;;5146.32
250;;5683.82
275;;6061.49
300;;6582.72

A5P_ones_250GA_G_FC_100RUB_pp212
5;;488.33
10;;662.19
15;;799.19
20;;950.29
25;;1015.27
30;;1155.97
40;;1376.48
50;;1575.48
60;;1847.65
70;;2075.88
80;;2291.08
90;;2494.49
100;;2692.06
110;;2911.62
120;;3148.94
130;;3347.87
140;;3581.93
150;;3816.83
160;;4086.20
170;;4201.42
180;;4427.42
190;;4523.99
200;;4747.94
225;;5176.17
250;;5716.29
275;;6096.65
300;;6620.40

A5P_ones_250GA_G_FC_100RUB_pp214
5;;490.32
10;;665.36
15;;804.02
20;;955.73
25;;1019.78
30;;1162.60
40;;1383.88
50;;1584.55
60;;1858.58
70;;2088.13
80;;2304.15
90;;2508.78
100;;2707.95
110;;2928.59
120;;3166.90
130;;3366.98
140;;3602.86
150;;3839.15
160;;4114.15
170;;4225.42
180;;4453.19
190;;4550.34
200;;4775.21
225;;5209.52
250;;5749.16
275;;6131.80
300;;6658.84

A5P_ones_250GA_G_FC_100RUB_pp216
5;;492.30
10;;667.96
15;;807.17
20;;960.04
25;;1025.33
30;;1167.66
40;;1391.26
50;;1593.14
60;;1868.57
70;;2099.01
80;;2317.22
90;;2522.63
100;;2722.96
110;;2944.30
120;;3184.86
130;;3385.68
140;;3622.95
150;;3860.23
160;;4137.45
170;;4249.01
180;;4480.73
190;;4579.89
200;;4802.48
225;;5239.38
250;;5781.63
275;;6166.57
300;;6696.52

A5P_ones_250GA_G_FC_100RUB_pp218
5;;494.88
10;;672.30
15;;810.86
20;;965.47
25;;1031.41
30;;1174.29
40;;1398.65
50;;1603.16
60;;1879.49
70;;2111.26
80;;2330.28
90;;2537.80
100;;2738.84
110;;2961.28
120;;3202.84
130;;3405.63
140;;3643.88
150;;3882.55
160;;4160.75
170;;4273.84
180;;4506.50
190;;4606.24
200;;4829.75
225;;5269.60
250;;5815.26
275;;6201.71
300;;6734.96

A5P_ones_250GA_G_FC_100RUB_pp220
5;;496.86
10;;674.89
15;;815.70
20;;969.77
25;;1035.92
30;;1180.40
40;;1406.03
50;;1611.75
60;;1889.49
70;;2123.05
80;;2343.36
90;;2551.65
100;;2753.87
110;;2977.83
120;;3220.80
130;;3424.33
140;;3663.97
150;;3904.45
160;;4184.05
170;;4297.43
180;;4531.45
190;;4632.20
200;;4857.02
225;;5298.70
250;;5851.99
275;;6236.86
300;;6772.64

A5P_ones_250GA_G_FC_100RUB_pp222
5;;498.85
10;;678.07
15;;819.41
20;;975.20
25;;1043.06
30;;1187.02
40;;1413.41
50;;1623.84
60;;1900.41
70;;2135.31
80;;2356.43
90;;2565.94
100;;2772.49
110;;2994.80
120;;3238.76
130;;3443.44
140;;3684.90
150;;3929.42
160;;4207.34
170;;4321.44
180;;4557.22
190;;4658.54
200;;4886.79
225;;5330.98
250;;5887.29
275;;6274.37
300;;6813.43

A5P_ones_250GA_G_FC_100RUB_pp224
5;;500.84
10;;680.67
15;;822.55
20;;979.50
25;;1047.57
30;;1192.08
40;;1420.80
50;;1632.43
60;;1910.41
70;;2146.19
80;;2369.50
90;;2579.78
100;;2787.51
110;;3010.51
120;;3256.74
130;;3462.14
140;;3704.99
150;;3950.49
160;;4230.64
170;;4345.04
180;;4582.17
190;;4683.71
200;;4914.06
225;;5360.08
250;;5919.76
275;;6312.52
300;;6851.12

A5P_ones_250GA_G_FC_100RUB_pp226
5;;504.56
10;;685.01
15;;827.39
20;;984.94
25;;1053.64
30;;1198.71
40;;1428.18
50;;1642.44
60;;1921.34
70;;2158.44
80;;2382.58
90;;2594.97
100;;2803.39
110;;3027.48
120;;3274.70
130;;3482.09
140;;3725.92
150;;3972.81
160;;4253.94
170;;4369.86
180;;4607.94
190;;4710.06
200;;4941.33
225;;5390.31
250;;5953.38
275;;6347.67
300;;6889.55

A5P_ones_250GA_G_FC_100RUB_pp228
5;;506.55
10;;687.61
15;;831.09
20;;989.25
25;;1059.20
30;;1210.63
40;;1435.57
50;;1651.04
60;;1936.53
70;;2170.23
80;;2395.64
90;;2613.72
100;;2818.41
110;;3044.04
120;;3297.38
130;;3500.78
140;;3746.01
150;;3999.37
160;;4277.23
170;;4396.04
180;;4637.41
190;;4736.01
200;;4968.61
225;;5420.16
250;;5985.86
275;;6382.83
300;;6931.37

A5P_ones_250GA_G_FC_100RUB_pp230
5;;508.53
10;;690.79
15;;835.93
20;;994.69
25;;1063.71
30;;1217.26
40;;1442.96
50;;1660.11
60;;1947.45
70;;2182.49
80;;2408.71
90;;2628.01
100;;2834.29
110;;3061.02
120;;3315.34
130;;3519.90
140;;3766.93
150;;4021.69
160;;4300.53
170;;4420.04
180;;4663.19
190;;4762.36
200;;4995.88
225;;5449.26
250;;6018.72
275;;6417.97
300;;6969.80

A5P_ones_250GA_G_FC_100RUB_pp232
5;;510.52
10;;693.38
15;;839.07
20;;998.99
25;;1069.28
30;;1222.32
40;;1450.68
50;;1668.70
60;;1957.45
70;;2193.37
80;;2421.79
90;;2641.86
100;;2849.32
110;;3076.72
120;;3336.00
130;;3538.60
140;;3787.02
150;;4042.75
160;;4323.82
170;;4443.65
180;;4688.13
190;;4787.52
200;;5023.15
225;;5479.11
250;;6051.19
275;;6452.74
300;;7007.48

A5P_ones_250GA_G_FC_100RUB_pp234
5;;513.08
10;;697.72
15;;842.77
20;;1004.42
25;;1075.35
30;;1228.95
40;;1458.53
50;;1678.71
60;;1968.37
70;;2205.62
80;;2434.86
90;;2657.03
100;;2865.20
110;;3093.70
120;;3353.98
130;;3558.54
140;;3807.95
150;;4065.07
160;;4347.12
170;;4468.46
180;;4713.91
190;;4816.37
200;;5050.42
225;;5509.35
250;;6084.81
275;;6487.89
300;;7045.92

A5P_ones_250GA_G_FC_100RUB_pp236
5;;515.07
10;;700.33
15;;847.60
20;;1008.72
25;;1079.86
30;;1235.06
40;;1466.38
50;;1687.31
60;;1978.37
70;;2217.41
80;;2447.93
90;;2670.88
100;;2880.22
110;;3110.25
120;;3371.94
130;;3577.24
140;;3828.04
150;;4086.97
160;;4370.42
170;;4492.06
180;;4738.85
190;;4842.33
200;;5077.69
225;;5538.43
250;;6117.29
275;;6523.03
300;;7083.60

A5P_ones_250GA_G_FC_100RUB_pp238
5;;517.05
10;;703.50
15;;851.31
20;;1014.15
25;;1085.41
30;;1241.68
40;;1474.22
50;;1696.38
60;;1989.29
70;;2232.58
80;;2461.00
90;;2685.16
100;;2896.10
110;;3127.23
120;;3389.90
130;;3596.36
140;;3851.62
150;;4109.29
160;;4393.72
170;;4516.06
180;;4764.63
190;;4868.68
200;;5104.96
225;;5568.29
250;;6150.14
275;;6558.18
300;;7122.04

A5P_ones_250GA_G_FC_100RUB_pp240
5;;519.04
10;;706.10
15;;854.45
20;;1018.46
25;;1089.92
30;;1246.74
40;;1482.06
50;;1704.97
60;;1999.28
70;;2243.45
80;;2474.07
90;;2699.01
100;;2911.12
110;;3142.94
120;;3407.88
130;;3615.06
140;;3871.71
150;;4130.37
160;;4417.02
170;;4539.67
180;;4789.59
190;;4893.84
200;;5136.61
225;;5597.38
250;;6182.63
275;;6592.21
300;;7159.72

A5P_ones_250GA_G_FC_100RUB_pp242
5;;522.77
10;;710.43
15;;859.29
20;;1023.90
25;;1096.01
30;;1253.37
40;;1489.90
50;;1714.98
60;;2010.22
70;;2255.70
80;;2487.14
90;;2714.18
100;;2927.00
110;;3159.91
120;;3425.84
130;;3635.00
140;;3892.63
150;;4152.69
160;;4440.31
170;;4569.00
180;;4815.35
190;;4920.19
200;;5163.88
225;;5627.61
250;;6216.24
275;;6629.72
300;;7200.51

A5P_ones_250GA_G_FC_100RUB_pp244
5;;524.75
10;;713.03
15;;862.99
20;;1028.20
25;;1101.56
30;;1259.48
40;;1497.75
50;;1723.58
60;;2020.20
70;;2267.51
80;;2500.21
90;;2728.03
100;;2942.02
110;;3176.47
120;;3443.80
130;;3653.70
140;;3912.73
150;;4174.59
160;;4466.26
170;;4592.60
180;;4840.31
190;;4946.14
200;;5191.16
225;;5661.73
250;;6251.16
275;;6664.87
300;;7238.20

A5P_ones_250GA_G_FC_100RUB_pp246
5;;526.75
10;;716.21
15;;867.83
20;;1033.64
25;;1106.07
30;;1266.10
40;;1505.59
50;;1732.64
60;;2031.13
70;;2279.75
80;;2513.29
90;;2742.32
100;;2957.90
110;;3193.44
120;;3461.78
130;;3672.82
140;;3938.31
150;;4196.91
160;;4489.56
170;;4616.61
180;;4866.07
190;;4972.48
200;;5218.43
225;;5690.82
250;;6284.01
275;;6700.01
300;;7276.63

